1442272597
1444932222
1475978361
1560376049
1566552107
1611511141
1694582008
1711912795
1725621357
1731778462
1736152962
1743323205
1759083303
1791925763
1794805764
1812292588
1814507793
1820854079
1832572086
1842176213
1844712033
100000023110445
100000029278346
100000047402544
100000067784146
100000070945422
100000073938242
100000081510079
100000094099920
100000114004594
100000114860471
100000116029668
100000157643005
100000171271021
100000186917353
100000190473012
100000191660338
100000196516576
100000219246646
100000231697234
100000243501987
100000247552676
100000254198219
100000257178540
100000284775520
100000292507923
100000310236984
100000313980842
100000317849245
100000319379117
100000373393058
100000382662284
100000382984868
100000387912244
100000409046584
100000409076164
100000421591156
100000427173213
100000432844960
100000440233888
100000449789148
100000452070670
100000465179122
100000468383847
100000471963480
100000498573295
100000499863090
100000500888024
100000502452045
100000513588485
100000521244653
100000524536083
100000525122832
100000528666018
100000545538695
100000545854306
100000546781440
100000555819004
100000556770446
100000559183169
100000561739984
100000566534564
100000566938128
100000580258707
100000586156168
100000589975341
100000594590579
100000597297246
100000597305602
100000599734489
100000602134396
100000611315429
100000611464425
100000618118764
100000619924148
100000619981741
100000632368836
100000634113439
100000644701419
100000648996505
100000670098904
100000670910003
100000672620077
100000673967780
100000694261163
100000695984252
100000696705326
100000701861299
100000706315849
100000713046317
100000713316765
100000723881121
100000737406913
100000744716440
100000750584993
100000753933435
100000757624404
100000763061485
100000800693027
100000802803561
100000812250555
100000817105554
100000818389267
100000819811502
100000824132340
100000845808188
100000851910714
100000854961291
100000858407920
100000862494470
100000865494261
100000870190094
100000873531910
100000885900705
100000892674894
100000901303293
100000904238880
100000906251577
100000910254906
100000913107691
100000913262033
100000918576928
100000936999288
100000943895933
100000944563871
100000949121606
100000955242283
100000965214479
100000969860965
100000970516695
100000971435714
100000977122025
100000979465757
100000980452467
100000985753515
100000986855801
100000995468031
100001006713625
100001011171898
100001013929885
100001018187892
100001021817618
100001023474445
100001024203056
100001034318762
100001036048213
100001037035391
100001038586406
100001042941320
100001044262489
100001048498184
100001053598275
100001065285242
100001072979072
100001073524010
100001074093861
100001075291390
100001076410717
100001094548447
100001096646904
100001116680427
100001123781175
100001143271753
100001163302735
100001164118245
100001172332684
100001175416452
100001184219145
100001184648957
100001186028049
100001204519184
100001207234847
100001219980024
100001231573931
100001263227313
100001265857881
100001273851488
100001278896356
100001279197905
100001293846184
100001296316760
100001299290737
100001301702546
100001304793227
100001309129987
100001312797049
100001340415256
100001351833342
100001372412865
100001410583837
100001417248201
100001433424956
100001442996836
100001463377562
100001471648655
100001473184934
100001476706956
100001479821780
100001484007733
100001497855859
100001500669111
100001513287677
100001515443462
100001526353264
100001530815785
100001533618910
100001535430003
100001538409277
100001543723198
100001558711928
100001570578447
100001576348180
100001578970903
100001592963495
100001601745736
100001608777049
100001610784817
100001632377884
100001638965052
100001639661278
100001640667238
100001643515667
100001652107133
100001656426040
100001662153440
100001666704221
100001669011277
100001669569905
100001670580581
100001678067825
100001678255644
100001679191376
100001679739844
100001682855681
100001684108698
100001697333926
100001697808778
100001698374744
100001702908458
100001709703597
100001710193717
100001721001499
100001723530663
100001723574703
100001724491701
100001725193133
100001726973302
100001733908892
100001741066609
100001744494516
100001748192065
100001749880582
100001752939715
100001755622482
100001757333063
100001761354694
100001767392430
100001769361013
100001771916956
100001780226445
100001783136710
100001783856413
100001786216387
100001789099196
100001790370997
100001794572180
100001801906132
100001806415201
100001813644741
100001817623481
100001826132290
100001827148005
100001829345838
100001839595960
100001845101548
100001845129138
100001850717811
100001852678494
100001855988926
100001861461344
100001873405985
100001876583186
100001876701546
100001878610286
100001879774325
100001895286553
100001896284005
100001896952339
100001904534873
100001914598861
100001928372272
100001935852373
100001941707212
100001947191402
100001949750745
100001950744276
100001972002858
100001976235371
100001985235480
100002001276118
100002010563377
100002019655184
100002020043906
100002034826320
100002038670749
100002045562014
100002052349753
100002080827235
100002081461631
100002092424976
100002103658594
100002104870118
100002114730082
100002124336624
100002128932070
100002136031700
100002144106100
100002151323991
100002166610835
100002171815612
100002180282918
100002183026612
100002215711452
100002222342888
100002242436173
100002267037131
100002267264608
100002275672450
100002277081242
100002279900615
100002282456419
100002285697839
100002286327784
100002308653555
100002337085766
100002340684328
100002392354945
100002438528609
100002438581557
100002439222257
100002441223952
100002446048835
100002454388690
100002466076200
100002470612945
100002480333595
100002482423251
100002484452320
100002487827190
100002494200886
100002520005068
100002526301461
100002528724422
100002581603585
100002588195333
100002589584000
100002630750101
100002666401734
100002680660198
100002685187718
100002705026493
100002726034923
100002744035470
100002779243920
100002825396955
100002837186872
100002841655816
100002844076741
100002862248750
100002904223772
100002916681618
100002919314844
100002922879952
100002931589875
100002935847670
100002944854681
100002965922267
100002966273472
100002966526478
100002995473335
100003006812373
100003013015723
100003015203233
100003050380160
100003051240303
100003054490160
100003057241186
100003077846507
100003111946293
100003114508164
100003115875879
100003116079225
100003119011629
100003128891620
100003132876982
100003167946139
100003205699124
100003211416477
100003220318236
100003220921373
100003221184295
100003231661226
100003237674822
100003287295863
100003297482416
100003305380899
100003326036265
100003355382781
100003378041766
100003388265825
100003463632978
100003468573424
100003469985924
100003471581569
100003502121580
100003522533471
100003535300716
100003541404796
100003542643806
100003543347713
100003548913720
100003559259259
100003563501669
100003591687018
100003595182192
100003606473453
100003616917982
100003617765215
100003627929186
100003630943026
100003635843148
100003636560395
100003637180556
100003638474602
100003647628834
100003650709477
100003651836891
100003661886752
100003664224468
100003697412932
100003699593709
100003701848157
100003716572569
100003720639005
100003741986419
100003744972918
100003747395047
100003753688543
100003754275036
100003755135244
100003775386923
100003793130202
100003796336197
100003796348869
100003816998215
100003849411236
100003913040630
100003926157546
100003947354537
100003953101611
100003963378437
100003974043405
100003994033873
100004031807022
100004035041525
100004052863980
100004057928695
100004059469308
100004065142369
100004074124512
100004087126239
100004099726535
100004119464227
100004139735598
100004146811046
100004162034430
100004170901084
100004189995078
100004201418376
100004222277594
100004236376114
100004252745407
100004299186739
100004311226043
100004328104564
100004331971143
100004345988743
100004372470574
100004383219764
100004383843999
100004396366093
100004403587488
100004426811275
100004426867408
100004439224804
100004440708659
100004444622895
100004467647572
100004469439654
100004471597318
100004492592520
100004502520918
100004502974310
100004510958976
100004532618134
100004534782388
100004544762307
100004553287231
100004569062143
100004601284279
100004604945301
100004648090655
100004652674730
100004659701522
100004675008466
100004694598337
100004697951293
100004709416520
100004710514819
100004711843877
100004734903374
100004755369348
100004756449609
100004771271749
100004782693188
100004783680578
100004796535086
100004817778943
100004823079722
100004844626940
100004857792158
100004859296301
100004860067151
100004868112488
100004871413167
100004874172484
100004878782715
100004885935654
100004892078652
100004894966023
100004898949185
100004911519351
100004918504449
100004929010618
100004938756275
100004943104224
100004961075683
100004989319304
100005033820612
100005036235877
100005037631161
100005056446758
100005065962192
100005071963291
100005076257667
100005098020079
100005115425029
100005129168859
100005136601623
100005137237044
100005138898878
100005142550461
100005151999572
100005166725328
100005175552076
100005176297773
100005181574252
100005185609004
100005193588697
100005217330079
100005239248508
100005244453981
100005246250976
100005247274805
100005247941436
100005259511776
100005271936645
100005272277216
100005274727562
100005279972262
100005290755281
100005291463036
100005307466666
100005313487976
100005326038622
100005355134707
100005360025714
100005408507195
100005419025949
100005422716431
100005424104224
100005436367943
100005454166895
100005473149472
100005476189395
100005504231542
100005516710174
100005543493825
100005557449212
100005595183162
100005624826938
100005641509706
100005644788392
100005645374577
100005652374933
100005681434909
100005746064591
100005752350829
100005802394416
100005805550333
100005809386091
100005820456221
100005830422665
100005848241645
100005856847209
100005885019367
100005889524266
100005899819259
100005922457121
100005927372389
100005943604464
100005952463948
100005959119632
100006031154820
100006063367529
100006067055333
100006079214525
100006099250134
100006101437855
100006145457115
100006178028715
100006199174255
100006200952913
100006217758731
100006225458945
100006228406661
100006247695130
100006252582194
100006259811821
100006273008241
100006274300181
100006276340144
100006281448808
100006283514139
100006297617970
100006330943466
100006379146488
100006430299585
100006449478867
100006463928787
100006474294775
100006497663157
100006519126084
100006527657333
100006531914834
100006539166993
100006542433346
100006546426747
100006571927963
100006588757430
100006592681227
100006633699397
100006636783587
100006637548004
100006647024567
100006661804704
100006674806438
100006687879511
100006721050275
100006742920610
100006747733171
100006765762274
100006773011979
100006779646903
100006786002296
100006807228919
100006817782210
100006820935863
100006830417849
100006843160150
100006852996716
100006859118543
100006885618176
100006895830596
100006960067747
100006977924669
100006989046007
100006992587400
100007058922947
100007059099115
100007060245767
100007062547901
100007080610146
100007082059021
100007120784439
100007168440450
100007184791308
100007187280474
100007229927721
100007231510858
100007254822392
100007275756818
100007276140781
100007298432470
100007320728322
100007321599948
100007329908910
100007360087840
100007378411586
100007431155804
100007451559113
100007482789376
100007593513080
100007613646918
100007625462701
100007661566139
100007675743533
100007675877288
100007676280277
100007684473711
100007698874422
100007710512697
100007726243650
100007727445237
100007762998529
100007769558982
100007785840535
100007789593886
100007798330974
100007800151427
100007803825595
100007805558477
100007814957642
100007818610017
100007829538211
100007834571045
100007842126065
100007849692745
100007857678019
100007875814941
100007880319920
100007898832373
100007903020562
100007932523026
100007952709917
100008023052798
100008028286642
100008038083901
100008044772595
100008079407118
100008095955514
100008110686300
100008115048480
100008129826053
100008154760907
100008164869532
100008190464283
100008203124468
100008223301911
100008224690708
100008234260738
100008252833459
100008268409096
100008306100465
100008319051612
100008338903187
100008342312457
100008353156992
100008391338540
100008415784780
100008424453909
100008444173219
100008456868693
100008460248183
100008460559451
100008476596000
100008537204427
100008564112447
100008574196705
100008574909941
100008600139352
100008602579140
100008612347040
100008618316540
100008637876498
100008663447378
100008676787516
100008691756856
100008718313674
100008721345304
100008721943043
100008735076662
100008740788380
100008742216989
100008825915449
100008836380215
100008849652854
100008851573629
100008870743259
100008940967437
100008999347697
100009002841933
100009004428764
100009011306210
100009011614309
100009014920948
100009019490389
100009026117228
100009029940124
100009043222109
100009059769428
100009065535900
100009070449364
100009072028786
100009105239326
100009112425338
100009121257098
100009123413497
100009153682860
100009181127545
100009186398665
100009203179949
100009227468315
100009255315705
100009264124449
100009270963158
100009279622991
100009291492544
100009325581587
100009335276123
100009378242720
100009378551494
100009391161620
100009393686553
100009395631893
100009397291349
100009430751379
100009432170074
100009437629377
100009449800976
100009452875048
100009476196243
100009476869623
100009483987597
100009487314271
100009488174793
100009492309453
100009509885275
100009515586039
100009536055292
100009545887759
100009563252731
100009570001524
100009571399632
100009576362280
100009601269941
100009603302155
100009621485377
100009632107323
100009662948233
100009666753566
100009667203142
100009677059624
100009681739620
100009690639080
100009718787574
100009747976795
100009750874632
100009757986311
100009767820176
100009779679018
100009794798939
100009805206136
100009834376049
100009835156615
100009837936928
100009839683836
100009841184468
100009864090554
100009866744309
100009887117634
100009910307441
100009911383295
100009941446439
100009951007971
100009963693458
100009991388046
100010003248456
100010019687539
100010029886245
100010031238418
100010071349632
100010091920307
100010097265433
100010102723511
100010109678304
100010111895446
100010116392655
100010120720908
100010127350922
100010139468276
100010151626903
100010151760090
100010155463649
100010157205550
100010160377001
100010174473382
100010174903441
100010187133000
100010210928244
100010218856110
100010221369787
100010247687385
100010267111036
100010271927474
100010273232560
100010275826651
100010282085806
100010291444711
100010297809616
100010302315201
100010317552304
100010324216290
100010329300919
100010335612381
100010341993981
100010354124612
100010379267395
100010390394026
100010392705734
100010394746666
100010408696796
100010413515771
100010422757520
100010427797836
100010436948750
100010461457944
100010463387460
100010466042606
100010476332694
100010476674970
100010492901006
100010493613413
100010494002994
100010497365650
100010509048520
100010510818106
100010515434380
100010517913817
100010523313510
100010525037072
100010530375963
100010538973971
100010551010571
100010565140488
100010566451807
100010566965560
100010570609074
100010571417984
100010575467227
100010590555229
100010601705199
100010602249479
100010605557021
100010610329613
100010615593702
100010617758643
100010627605403
100010633985244
100010636244676
100010636606576
100010644139388
100010648697115
100010663309029
100010666306712
100010676265981
100010684182701
100010689641323
100010693068802
100010697683557
100010706562920
100010710282452
100010711331897
100010715053617
100010717213872
100010741548937
100010742611066
100010753389609
100010760885665
100010773153660
100010774900229
100010778106083
100010778465319
100010780472148
100010780726539
100010781950160
100010786996724
100010789380061
100010797674905
100010798020876
100010802705448
100010808704031
100010816384313
100010816391220
100010824547025
100010836247701
100010843785863
100010853612560
100010854215596
100010878136779
100010881287154
100010884305186
100010888206386
100010904748852
100010912904579
100010912996202
100010919953851
100010925229404
100010933840200
100010935870240
100010940118811
100010946195403
100010951141875
100010966862257
100010976049484
100010983905646
100010994112430
100010997143110
100010997862122
100011003464524
100011005272456
100011022340520
100011039501259
100011057015723
100011069920330
100011079941216
100011089758136
100011091362477
100011096474781
100011109759082
100011113816915
100011120112711
100011121873488
100011138920708
100011152710304
100011153800693
100011155841728
100011160847479
100011180778913
100011183163865
100011184618125
100011196077474
100011208756479
100011216088475
100011245215903
100011250842437
100011259014903
100011261448739
100011262005492
100011270779789
100011275450071
100011285294893
100011289974504
100011294835586
100011312269093
100011312852687
100011320091103
100011330787537
100011336410069
100011341385311
100011342619430
100011355280914
100011363733335
100011363876372
100011383524842
100011384154648
100011388909685
100011393317512
100011402326784
100011404172683
100011405834783
100011407076704
100011413512294
100011425306301
100011430065494
100011431317369
100011442891047
100011447706608
100011465746715
100011492439712
100011495047267
100011496064477
100011502165689
100011510671857
100011520635260
100011527474629
100011538066433
100011546478832
100011580077162
100011582177343
100011582223349
100011582738864
100011592766850
100011627866066
100011629816635
100011632421655
100011634456703
100011650149911
100011651055330
100011662550346
100011668902417
100011684467214
100011693674017
100011695770319
100011702320385
100011708062033
100011709102750
100011737687781
100011737776815
100011754013527
100011776392135
100011857770573
100011859978673
100011899635518
100011910348017
100011950398632
100011969144269
100011987928899
100011993942543
100012051617550
100012076959385
100012082694664
100012108278389
100012142544833
100012148293378
100012162692162
100012163956022
100012212880904
100012221350856
100012223746677
100012240000998
100012244117245
100012266260695
100012277005195
100012282282869
100012291887996
100012296283355
100012298906614
100012321791732
100012325865971
100012335358728
100012345127006
100012355844149
100012362323495
100012369783765
100012375360217
100012381159718
100012400265777
100012412964060
100012451809548
100012463148663
100012521925360
100012567512638
100012570583701
100012582071370
100012597184052
100012619592688
100012643870935
100012649659657
100012696009219
100012697003926
100012701448151
100012705093308
100012717064412
100012759335025
100012771183986
100012789914552
100012791265193
100012797506858
100012821472019
100012830677157
100012857764038
100012874808368
100012906646195
100012914190314
100012935509051
100012951787580
100012955920914
100013028562319
100013039961983
100013044188921
100013056311600
100013061494269
100013068189878
100013070858987
100013094851620
100013097795763
100013105598539
100013110782840
100013111860790
100013118135257
100013141180082
100013146887352
100013204059265
100013212136615
100013219098042
100013227912177
100013233489978
100013234932562
100013235476256
100013258622979
100013278576077
100013305072108
100013305408204
100013306576968
100013310166795
100013321573481
100013324626646
100013325206325
100013341198307
100013343112549
100013364526453
100013374077916
100013400612559
100013445041508
100013462990866
100013464960845
100013465443217
100013489980762
100013503335049
100013565324018
100013584840923
100013586446883
100013586706904
100013590649564
100013604198442
100013629859566
100013639027397
100013644284122
100013644522845
100013671392409
100013679863038
100013691137926
100013713760422
100013724583920
100013731036317
100013733500745
100013749425874
100013769831259
100013789921791
100013798367379
100013816607643
100013819354930
100013832058659
100013860407264
100013864241461
100013878611300
100013906217110
100013918233597
100013994408879
100013997403131
100013998341386
100014009198326
100014026411712
100014059427919
100014063760186
100014083717282
100014093220272
100014102070543
100014143636489
100014147763291
100014148679171
100014153353679
100014155509195
100014177405087
100014184935423
100014188861616
100014208158142
100014209037816
100014219705890
100014219739268
100014231853653
100014248598993
100014249041192
100014253913139
100014278325093
100014291832678
100014299275915
100014304676368
100014305547170
100014309041953
100014317338473
100014324206484
100014325107105
100014331107150
100014334723704
100014336925662
100014346466724
100014360709447
100014373000107
100014394306669
100014399554676
100014400587717
100014400669069
100014413562736
100014452218875
100014456772886
100014466499316
100014471042647
100014483709623
100014485664886
100014538335423
100014540085817
100014553163886
100014570778720
100014579805502
100014600010388
100014609529808
100014630174829
100014636805681
100014676019287
100014677663263
100014692658516
100014693414279
100014700970481
100014707516098
100014707666281
100014709048406
100014713724936
100014721014853
100014746149105
100014754994382
100014775305187
100014788440348
100014790540163
100014794350060
100014798084956
100014801898028
100014803147332
100014805246090
100014809573242
100014826157212
100014833062803
100014837584541
100014853856128
100014854182298
100014861620348
100014897014523
100014905002311
100014909138724
100014910225969
100014916540835
100014931036209
100014950112605
100014954328223
100014968247999
100014968843673
100014987504789
100014991165285
100015003047960
100015030786388
100015033427750
100015042150402
100015058060549
100015058265980
100015067034683
100015078529312
100015093965622
100015097206694
100015098596813
100015138555674
100015141126944
100015145421508
100015153994031
100015156092368
100015158499031
100015159517466
100015168344761
100015179528781
100015191085845
100015202457905
100015212807244
100015219884110
100015219931331
100015225272633
100015232690592
100015269348603
100015280153104
100015281356392
100015283712406
100015284054137
100015288041259
100015301159482
100015321278173
100015331381127
100015348009072
100015357460069
100015374822743
100015376452486
100015378976389
100015384004124
100015386161642
100015392078429
100015401805617
100015401949635
100015402016909
100015404443904
100015408792570
100015413614847
100015420433421
100015467560029
100015467971835
100015479766660
100015499541420
100015512616101
100015524206480
100015530412989
100015533972274
100015535420362
100015536358869
100015543247502
100015545567876
100015547560767
100015554165095
100015558042212
100015558123150
100015563805756
100015573072344
100015573164889
100015579096579
100015589959671
100015593490701
100015593598080
100015601723234
100015608741732
100015611133869
100015613806262
100015619936647
100015623356128
100015624912403
100015632161122
100015633277622
100015642612122
100015643636583
100015645487037
100015646892511
100015659866377
100015673069369
100015675390227
100015683831323
100015703802333
100015704678252
100015710675744
100015714014243
100015719892123
100015724773110
100015725620917
100015728620849
100015732452802
100015733333423
100015735612719
100015746642741
100015751050877
100015755284478
100015759302216
100015769244237
100015777974391
100015779051246
100015779735337
100015790357421
100015798066080
100015803730931
100015807870039
100015835449957
100015837214597
100015838842558
100015842355662
100015842478409
100015843541361
100015846731220
100015855278678
100015859687702
100015862865148
100015866614528
100015868810554
100015877487276
100015885632989
100015887520266
100015950970447
100015951844282
100015953491978
100015956894455
100015961024023
100015982179890
100015988171785
100015990378262
100015997086015
100016006385806
100016010408972
100016014875395
100016016507264
100016017631036
100016039957454
100016040133246
100016053122122
100016070342746
100016092819849
100016105488580
100016105753781
100016139535690
100016143276840
100016184324263
100016206523756
100016212092773
100016220500864
100016232863242
100016238109970
100016245420179
100016284211812
100016288655499
100016339353846
100016375805179
100016376836917
100016401645766
100016442379162
100016463476452
100016466716054
100016488030725
100016490017320
100016509132238
100016510607789
100016546727103
100016553940341
100016557900302
100016563068919
100016571044359
100016576453594
100016593108422
100016594744701
100016632106249
100016632609871
100016635551082
100016640417936
100016643970325
100016659044646
100016661714666
100016676535471
100016688745898
100016690351656
100016718704548
100016724253805
100016745011079
100016772700518
100016787025695
100016797525394
100016807863075
100016812104896
100016833189650
100016885474819
100016895018619
100016895209299
100016913686857
100016916041082
100016928859180
100016930937900
100016932402941
100016953316544
100016986815521
100016992152883
100017006102738
100017035987129
100017056295075
100017105290343
100017107059655
100017120384906
100017120580367
100017132413337
100017149488947
100017157648218
100017177139610
100017186352043
100017201234731
100017225649311
100017250106015
100017253945394
100017256781210
100017284216948
100017295738841
100017336897122
100017357622231
100017387648590
100017396231703
100017398354540
100017401361202
100017424039834
100017453014676
100017491624464
100017542027471
100017668804993
100017670258279
100017680140129
100017716622260
100017726165851
100017788140879
100017810208956
100017841169395
100017853912489
100017883070265
100017895729898
100017934164173
100017955703205
100018004981678
100018046776414
100018052819427
100018067693587
100018186708487
100018303488486
100018306092902
100018339167853
100018339612863
100018389983659
100018403272447
100018475867983
100018502816603
100018546559520
100018594229461
100018647562119
100018652298815
100018721964779
100018737479173
100018741211283
100018767264588
100018794881082
100018796865448
100018843728497
100018855180653
100018933966190
100018953346217
100019046982664
100019057185959
100019090009141
100019107883204
100019129786931
100019133761583
100019135334445
100019413649210
100019419934120
100019441483913
100019443677497
100019465028370
100019515930130
100019563548722
100019844628712
100019851581634
100020005357948
100020226450263
100020337167584
100020409548837
100020451034917
100020601638480
100020845538797
100021148757723
100021156481818
100021164801321
100021165644733
100021170503290
100021205061005
100021217539509
100021294000297
100021347417033
100021359085418
100021368033140
100021384753032
100021460240933
100021474690536
100021476811948
100021478025419
100021505502297
100021558302051
100021564259390
100021578895264
100021581228507
100021600403273
100021607728407
100021631787249
100021639405565
100021668778427
100021696467435
100021698947083
100021704445440
100021707023282
100021738462129
100021755612116
100021757761302
100021775207926
100021788202876
100021801527019
100021834303879
100021835936425
100021853764027
100021855700257
100021875263490
100021880401945
100021884084734
100021908252184
100021918643986
100021919340950
100021930930013
100021954831719
100021960737235
100021961573921
100021965143280
100021971722303
100021974142179
100021978939270
100021996043407
100022000163428
100022026500379
100022049359958
100022063294220
100022067821678
100022094345755
100022098766243
100022114980010
100022136253305
100022153203291
100022171089853
100022187980201
100022195682424
100022204416498
100022206012447
100022208059541
100022210363957
100022215824757
100022221498103
100022228779520
100022229917187
100022240598448
100022247153462
100022255902648
100022261461320
100022271010338
100022291224200
100022296701995
100022297860948
100022324476889
100022327726321
100022330724803
100022362666413
100022366501022
100022368452028
100022403302159
100022412542766
100022423487145
100022438531378
100022444244522
100022451858381
100022463072709
100022470435677
100022473967883
100022476640156
100022481317382
100022487914090
100022491003695
100022520856108
100022527579348
100022543087206
100022567174203
100022591092773
100022602846357
100022606304533
100022606444942
100022625324883
100022642481753
100022663093262
100022701758770
100022711162728
100022719481544
100022721857737
100022751656466
100022763264410
100022776557380
100022795336551
100022798323227
100022848930554
100022862702049
100022870934261
100022885080658
100022886043907
100022887398178
100022913707671
100022963740454
100022965423193
100022985900981
100022989607020
100022996449778
100023001870059
100023004257855
100023039958376
100023054116338
100023064286509
100023093060292
100023143355386
100023144796415
100023148590596
100023176098096
100023187681552
100023214426792
100023230040708
100023251424961
100023263488759
100023266336492
100023286227912
100023286499347
100023299110577
100023302942004
100023364161501
100023379233586
100023380061621
100023382750209
100023395179411
100023444235850
100023465820948
100023467622716
100023483532780
100023489766735
100023509582267
100023511879148
100023513917720
100023518721066
100023521500532
100023531358203
100023544424436
100023546473386
100023552165272
100023561031509
100023562482884
100023564402567
100023578816884
100023582691558
100023597388847
100023629851245
100023633354662
100023646762533
100023681168137
100023683427692
100023689662835
100023728862678
100023735580919
100023753326168
100023790945597
100023792853346
100023802456810
100023802700215
100023807899877
100023828928501
100023838646867
100023840419314
100023844211178
100023844785835
100023844827682
100023850140824
100023853660179
100023866520333
100023873495487
100023891896738
100023925709814
100023941058653
100023950860681
100023959443989
100023975628610
100023990319864
100024004190121
100024010175574
100024012303785
100024024422206
100024035793956
100024065735801
100024077895580
100024081079361
100024088633516
100024107801763
100024114080032
100024119312420
100024135420246
100024140979788
100024167391963
100024218179083
100024219695713
100024224901922
100024230264587
100024237224167
100024243767977
100024262000212
100024266890724
100024272764338
100024277204519
100024331830811
100024341090811
100024344243087
100024380660600
100024413739681
100024426262537
100024440892945
100024442060023
100024442912909
100024446763095
100024448762217
100024452648938
100024466883531
100024504675893
100024506440480
100024527742040
100024530651150
100024531514402
100024536193923
100024537254785
100024539745722
100024546861075
100024554675818
100024570104434
100024579634745
100024584361907
100024585680342
100024594043240
100024601246332
100024615227450
100024618641586
100024630742064
100024645284704
100024675436042
100024675578323
100024684876187
100024691694751
100024700848481
100024730592684
100024736084699
100024748823281
100024759648101
100024782451108
100024787181360
100024799764266
100024816732540
100024818770817
100024826879988
100024843376826
100024863627028
100024883541426
100024884244299
100024884271156
100024899402666
100024912459678
100024913899071
100024928596736
100024936901405
100024950280487
100024978014056
100024991668649
100025004940782
100025006222970
100025007380003
100025007802068
100025010985893
100025027940025
100025044182567
100025051970075
100025070858247
100025072440965
100025076495756
100025079289898
100025096327261
100025110542716
100025120031836
100025120967892
100025131155665
100025142345492
100025152949756
100025156485370
100025166709099
100025170487690
100025199659344
100025205033708
100025237182396
100025239621764
100025262807463
100025265561125
100025275073301
100025296249755
100025320992786
100025347221255
100025348632674
100025365982045
100025373723893
100025389100151
100025406543470
100025420963018
100025438413934
100025441212328
100025449106181
100025460004176
100025497584643
100025527789568
100025546217213
100025562692297
100025571963308
100025603140116
100025606659858
100025606806112
100025608661798
100025621101890
100025642591228
100025644743299
100025674452219
100025684055686
100025688103823
100025700922916
100025702988418
100025749093693
100025812346216
100025883322466
100025911638435
100025946586976
100026008893624
100026044293492
100026080254319
100026103383130
100026109911001
100026129892098
100026162021987
100026195104199
100026212816599
100026295010850
100026306289708
100026366950942
100026432304309
100026510821789
100026745293776
100026766461053
100026821385906
100026831717607
100026945027818
100026961593277
100026979642491
100027010147951
100027032912405
100027035841755
100027083710735
100027134948416
100027140572953
100027158865654
100027168006866
100027183709822
100027184940836
100027224680766
100027293242585
100027307507945
100027369111847
100027373927876
100027378230466
100027440883810
100027444631628
100027454260785
100027467265913
100027477639227
100027481252647
100027537529832
100027573287399
100027621963355
100027628068914
100027684373169
100027699331369
100027705173428
100027768904094
100027802844380
100027825073292
100027839762134
100027883653763
100027893408095
100027941793291
100027957338898
100027977536463
100028001416979
100028054280349
100028080701821
100028145824702
100028161035506
100028242818675
100028259711339
100028276754886
100028310715563
100028315803993
100028338273857
100028339752321
100028350905417
100028353581016
100028384787458
100028387628807
100028425712043
100028437402323
100028483351232
100028484051946
100028499611896
100028527310562
100028551406994
100028588785271
100028608314816
100028655378298
100028661296419
100028685231372
100028691861552
100028696851287
100028743073157
100028757499870
100028830469669
100028844523558
100028873086714
100028875690300
100028944667618
100028952873143
100028960309504
100028962120236
100028976170484
100029005073651
100029035240354
100029047752036
100029078709742
100029122483282
100029147154069
100029165384226
100029173870346
100029177852881
100029188051943
100029250966389
100029288003931
100029353321531
100029364051722
100029418372717
100029542364294
100029597262569
100029606736190
100029611748189
100029747672957
100029808439095
100029874752545
100029941666193
100029974390995
100029982040331
100029999192947
100030001569072
100030182873376
100030202955414
100030223867020
100030229366440
100030352325300
100030406493301
100030416791370
100030422799911
100030479621265
100030504888363
100030522335422
100030623525486
100030636884787
100030640821171
100030824946376
100030888794947
100030942079035
100031424240775
100031546712494
100031564366662
100031677394294
100031722651449
100031849921778
100031943250897
100032065265184
100032252252369
100032383059056
100032530372706
100032581691648
100032583902432
100032587662734
100032594652564
100032665852620
100032788733216
100032997192166
100033113200238
100033514632471
100033746954386
100033766457317
100033894819981
100033905285817
100033908376082
100033917986965
100033962730126
100034224942964
100034278259233
100034319653369
100034351245517
100034372751159
100034520981771
100034551221842
100034556082367
100034573988364
100034583649332
100034599593567
100034654748610
100034656880087
100034815077219
100034944107712
100035056658734
100035082888540
100035238375629
100035356699158
100035367224763
100035418619375
100035432467163
100035560120827
100035577496865
100035590072436
100035637097568
100035654416736
100035659063661
100035782580276
100035857480087
100035897760847
100035960730895
100036241146815
100036268163467
100036398340976
100036630030796
100036779319355
100036817812257
100036998931459
100037055626269
100037057092289
100037104363276
100037121233651
100037254319316
100037254469509
100037348208218
100037495971117
100037573142866
100037776633422
100037856631832
100038004737515
100038096084355
100038099959989
100038180811673
100038226857344
100038254364250
100038283762693
100038513340683
100038606115429
100038667781351
100038906223111
100038962606933
100039251741205
100039900517128
100040368562982
100040371993142
